0 INF 17 10 4 5 INF 28 11 31 9 7 35 42 22 6 10 8 16 1 3 9 12 13 
29 0 15 21 15 23 INF 22 18 25 25 22 29 7 16 30 22 20 19 25 27 29 19 37 
16 INF 0 6 9 8 INF 11 3 14 14 7 18 25 5 19 10 9 8 14 15 18 4 25 
INF INF INF 0 INF INF INF INF INF INF INF INF INF INF INF INF INF INF INF INF INF INF INF INF 
INF INF INF INF 0 INF INF INF INF INF INF INF INF INF INF INF INF INF INF INF INF INF INF INF 
11 INF 23 7 14 0 INF 34 8 37 20 2 41 48 28 17 5 15 13 12 10 20 9 20 
14 INF 18 7 5 6 0 29 4 32 10 8 36 43 23 7 11 9 9 2 4 10 5 14 
28 INF 19 13 11 20 INF 0 15 8 32 19 7 14 23 34 22 6 20 29 27 11 16 37 
13 INF 15 3 6 5 INF 26 0 29 22 4 33 40 20 19 7 17 5 14 12 22 1 22 
INF INF INF INF 3 INF INF INF INF 0 INF INF INF INF INF INF INF INF INF INF INF INF INF INF 
4 INF 21 14 8 9 INF 32 15 35 0 11 39 46 26 10 14 12 20 5 7 13 16 17 
9 INF 21 5 12 10 INF 32 6 35 18 0 39 46 26 15 3 13 11 10 8 18 7 18 
28 INF 12 18 4 20 INF 22 15 1 25 19 0 7 16 30 22 20 19 25 27 4 16 37 
22 INF 8 14 8 16 INF 15 11 18 18 15 22 0 9 23 15 13 12 18 20 22 12 30 
13 INF 13 7 10 9 INF 6 4 9 9 8 13 20 0 14 6 4 3 9 11 13 5 21 
7 INF 11 4 8 1 INF 22 5 25 3 3 29 36 16 0 6 15 10 8 10 3 6 20 
18 INF 27 2 21 7 INF 38 15 41 18 9 45 52 32 24 0 10 20 19 5 19 16 15 
22 INF 17 7 14 14 INF 28 9 31 31 13 35 42 22 28 16 0 14 23 21 9 10 31 
14 INF 10 4 7 6 INF 21 1 24 23 5 28 35 15 20 8 18 0 15 13 23 2 23 
12 INF 16 9 3 4 INF 27 10 30 8 6 34 41 21 5 9 7 15 0 2 8 11 12 
13 INF 22 9 16 2 INF 33 10 36 13 4 40 47 27 19 7 5 15 14 0 14 11 10 
24 INF 8 14 5 16 INF 19 11 22 22 15 26 33 13 27 18 17 16 22 23 0 12 33 
15 INF 14 5 8 4 INF 25 2 28 24 6 32 39 19 21 9 19 4 16 14 24 0 24 
7 INF 24 17 11 12 INF 35 18 38 3 14 42 49 29 13 17 15 23 8 10 16 19 0 
