20
0 -1 7 1 5 -1 7 -1 -1 -1 -1 -1 3 -1 -1 -1 -1 -1 8 6 
9 0 6 8 -1 -1 -1 -1 -1 -1 -1 2 2 -1 -1 -1 -1 -1 -1 -1 
1 -1 0 -1 -1 9 -1 -1 3 -1 -1 -1 -1 -1 2 4 -1 -1 -1 -1 
-1 -1 -1 0 -1 -1 -1 -1 -1 -1 6 -1 -1 6 -1 -1 -1 -1 -1 -1 
-1 -1 9 2 0 -1 10 9 6 -1 6 3 -1 7 -1 -1 -1 -1 -1 -1 
-1 -1 -1 -1 -1 0 -1 -1 -1 -1 -1 -1 -1 -1 -1 3 7 -1 -1 -1 
-1 -1 10 -1 2 -1 0 -1 7 -1 -1 9 -1 -1 -1 1 10 -1 -1 -1 
-1 -1 -1 6 -1 -1 6 0 -1 -1 -1 1 10 1 8 8 7 -1 1 3 
1 -1 -1 -1 -1 -1 8 -1 0 -1 -1 -1 -1 -1 -1 2 -1 6 -1 -1 
-1 7 -1 -1 -1 -1 -1 -1 -1 0 -1 -1 -1 -1 -1 -1 -1 8 8 7 
-1 -1 4 -1 -1 -1 3 -1 8 -1 0 6 -1 -1 9 -1 -1 9 7 2 
-1 1 6 -1 3 -1 4 -1 5 5 -1 0 1 3 -1 6 -1 -1 5 -1 
-1 -1 -1 7 -1 6 7 -1 -1 10 -1 -1 0 -1 -1 1 -1 -1 -1 -1 
10 2 -1 -1 -1 -1 9 -1 3 3 -1 -1 -1 0 2 -1 -1 -1 10 -1 
-1 -1 -1 10 4 -1 -1 4 -1 8 -1 2 -1 -1 0 -1 -1 -1 -1 -1 
-1 9 -1 4 -1 8 8 8 3 -1 8 -1 -1 3 -1 0 -1 -1 -1 -1 
-1 -1 9 -1 -1 -1 -1 -1 5 1 1 -1 2 -1 6 -1 0 -1 -1 -1 
-1 -1 7 -1 -1 -1 -1 -1 -1 -1 -1 -1 -1 -1 -1 -1 -1 0 -1 -1 
-1 -1 8 -1 -1 -1 -1 -1 -1 -1 -1 -1 -1 -1 -1 -1 1 -1 0 -1 
-1 4 -1 -1 -1 5 1 -1 -1 -1 -1 -1 -1 -1 -1 -1 7 -1 -1 0 
